0 0.466016 0.547917 0.017969 0.029167
1 0.220703 0.514583 0.046094 0.073611
1 0.493750 0.523611 0.062500 0.083333
2 0.847266 0.497222 0.027344 0.083333
2 0.823828 0.493056 0.025781 0.088889
2 0.794531 0.488194 0.029687 0.084722
2 0.725000 0.488194 0.035937 0.093056
2 0.694531 0.489583 0.026563 0.081944
2 0.543750 0.493056 0.031250 0.091667
2 0.601953 0.491667 0.030469 0.091667
2 0.659375 0.493750 0.035937 0.084722
2 0.499609 0.494444 0.032031 0.083333
2 0.352734 0.492361 0.035156 0.084722
2 0.242969 0.489583 0.032812 0.081944
