1 0.210547 0.522222 0.060156 0.075000
1 0.383984 0.517361 0.049219 0.068056
1 0.498437 0.511806 0.043750 0.059722
1 0.044922 0.506944 0.030469 0.036111
2 0.500391 0.491667 0.027344 0.072222
2 0.605469 0.492361 0.032812 0.076389
2 0.725391 0.493056 0.030469 0.072222
2 0.763281 0.492361 0.026563 0.081944
2 0.814844 0.493056 0.034375 0.083333
2 0.859766 0.490972 0.033594 0.079167
2 0.895312 0.493056 0.026563 0.083333
2 0.919531 0.488889 0.031250 0.088889
2 0.978516 0.488194 0.027344 0.079167
0 0.475391 0.532639 0.013281 0.023611
