1 0.019922 0.518056 0.032031 0.047222
1 0.283984 0.516667 0.038281 0.061111
1 0.467187 0.517361 0.056250 0.073611
2 0.641016 0.487500 0.033594 0.086111
2 0.672656 0.484722 0.021875 0.083333
2 0.703906 0.482639 0.037500 0.095833
2 0.770312 0.482639 0.035937 0.090278
2 0.796094 0.485417 0.026563 0.087500
2 0.824609 0.488194 0.030469 0.079167
2 0.586328 0.487500 0.033594 0.086111
2 0.527734 0.483333 0.024219 0.077778
2 0.355859 0.489583 0.033594 0.087500
2 0.249219 0.485417 0.029687 0.079167
2 0.488281 0.488889 0.023438 0.077778
