0 0.551953 0.518056 0.017969 0.019444
1 0.487109 0.553472 0.158594 0.193056
1 0.533203 0.502778 0.057031 0.083333
1 0.688672 0.495139 0.047656 0.051389
1 0.719922 0.479861 0.022656 0.029167
1 0.826563 0.487500 0.032812 0.047222
2 0.294141 0.460417 0.022656 0.065278
2 0.331641 0.466667 0.028906 0.052778
2 0.208984 0.464583 0.017969 0.068056
2 0.232031 0.464583 0.021875 0.065278
2 0.260156 0.466667 0.020312 0.069444
2 0.155078 0.464583 0.028906 0.076389
2 0.021094 0.468056 0.021875 0.077778
2 0.362109 0.468750 0.021094 0.051389
