0 0.470313 0.547917 0.025000 0.023611
1 0.064062 0.588889 0.128125 0.150000
1 0.725000 0.547222 0.095312 0.125000
1 0.840625 0.543750 0.081250 0.120833
2 0.807422 0.485417 0.060156 0.145833
2 0.512109 0.495139 0.044531 0.090278
1 0.426562 0.517361 0.056250 0.079167
2 0.227734 0.501389 0.050781 0.097222
2 0.169531 0.503472 0.051562 0.101389
2 0.649219 0.503472 0.046875 0.079167
2 0.900000 0.497222 0.034375 0.108333
2 0.928906 0.508333 0.026563 0.083333
2 0.942969 0.500000 0.032812 0.105556
2 0.856641 0.503472 0.033594 0.093056
