0 0.618359 0.492361 0.014844 0.018056
1 0.732031 0.479861 0.028125 0.037500
1 0.769922 0.488194 0.033594 0.043056
1 0.808594 0.481250 0.028125 0.040278
1 0.841016 0.479167 0.027344 0.038889
1 0.878906 0.497222 0.051562 0.077778
1 0.932813 0.490278 0.043750 0.055556
2 0.089844 0.470139 0.018750 0.076389
2 0.107031 0.465972 0.018750 0.073611
2 0.124219 0.465972 0.015625 0.079167
2 0.182422 0.465972 0.022656 0.073611
2 0.204688 0.463194 0.021875 0.070833
2 0.250781 0.466667 0.028125 0.063889
2 0.275000 0.462500 0.025000 0.072222
2 0.304688 0.463194 0.026563 0.070833
2 0.327344 0.465972 0.021875 0.062500
2 0.356250 0.468056 0.023438 0.047222
2 0.474609 0.465972 0.019531 0.048611
