2 0.397656 0.493056 0.031250 0.072222
2 0.442578 0.488194 0.042969 0.090278
2 0.514063 0.485417 0.037500 0.090278
2 0.541797 0.487500 0.030469 0.102778
2 0.630078 0.490278 0.033594 0.083333
2 0.702344 0.490278 0.048437 0.105556
2 0.836719 0.493750 0.029687 0.090278
2 0.862891 0.496528 0.022656 0.079167
2 0.893359 0.495833 0.030469 0.083333
0 0.522656 0.563194 0.025000 0.031944
1 0.092188 0.513889 0.037500 0.047222
1 0.132031 0.515972 0.026563 0.040278
1 0.203516 0.533333 0.069531 0.086111
1 0.478516 0.535417 0.080469 0.095833
1 0.591016 0.550000 0.105469 0.133333
