0 0.535156 0.531944 0.014062 0.022222
1 0.684766 0.527778 0.063281 0.080556
1 0.377734 0.513194 0.036719 0.048611
1 0.509375 0.509722 0.042188 0.058333
1 0.063672 0.509028 0.028906 0.037500
2 0.595703 0.493750 0.035156 0.090278
2 0.509766 0.489583 0.033594 0.073611
2 0.761719 0.493056 0.031250 0.083333
2 0.730469 0.494444 0.029687 0.077778
2 0.801562 0.491667 0.037500 0.083333
2 0.858984 0.492361 0.035156 0.098611
2 0.919531 0.491667 0.040625 0.094444
2 0.951172 0.492361 0.025781 0.098611
2 0.983203 0.489583 0.032031 0.112500
